======================================================================
  비자명 해에서 공간/시간 구조
======================================================================

━━━ 1. G의 C² (시간) vs C³ (공간) 분해 ━━━
  G_T 고유값 (시간, rank ≤ 2): [9.68013017 4.5426119 ]
  G_S 고유값 (공간, rank ≤ 3): [6.99181895 4.88130971 3.90412927]

  W_T (시간): ⟨W⟩=0.06100, σ=0.07162
  W_S (공간): ⟨W⟩=0.02996, σ=0.04264
  비율 W_S/W_T = 0.491

━━━ 2. 시간축 (G_T) vs 공간축 (G_S) 순서 ━━━
  corr(시간, 공간₁) = +0.0923
  corr(시간, 공간₂) = +0.2723

━━━ 3. 시간(v_T) 순서에서 물리량 변화 ━━━

    i      v_T     v_S₁      C²      C³      W_T      W_S  lev
  ───  ───────  ───────  ──────  ──────  ───────  ───────  ───
    0  -0.2606  -0.0708   0.741   0.259  0.10678  0.01275  k=1
    9  -0.2535  -0.0689   0.741   0.259  0.10678  0.01275  k=1
   13  -0.2197  +0.1504   0.652   0.348  0.08630  0.02175  k=0
   21  -0.2130  +0.1453   0.652   0.348  0.08630  0.02175  k=0
   12  -0.1685  -0.0458   0.741   0.259  0.10678  0.01275  k=1
   11  -0.1294  -0.0352   0.741   0.259  0.10678  0.01275  k=1
   14  -0.1104  -0.0643   0.293   0.707  0.03238  0.02958  k=3
   22  -0.1047  -0.0640   0.323   0.677  0.03386  0.04540  k=4
   26  -0.0978  -0.1045   0.285   0.715  0.03081  0.03324  k=3
    6  -0.0884  -0.0334   0.189   0.811  0.02300  0.04083  k=2
    7  -0.0794  +0.0592   0.323   0.677  0.03386  0.04540  k=4
   28  -0.0445  +0.1565   0.323   0.677  0.03386  0.04540  k=4
   27  -0.0275  -0.2625   0.323   0.677  0.03386  0.04540  k=4
   17  -0.0189  +0.1162   0.299   0.701  0.02220  0.03585  k=2
    1  -0.0169  -0.2005   0.156   0.844  0.01593  0.04988  k=3
   15  +0.0143  +0.1490   0.284   0.716  0.03081  0.03319  k=3
   25  +0.0345  +0.1596   0.125   0.875  0.01637  0.04394  k=2
   18  +0.0550  -0.0417   0.652   0.348  0.08630  0.02175  k=0
   23  +0.0639  +0.0174   0.741   0.259  0.10678  0.01275  k=1
   10  +0.0814  +0.1780   0.229   0.771  0.02354  0.04014  k=3
   24  +0.0819  +0.1766   0.266   0.734  0.02584  0.04189  k=3
   16  +0.1022  +0.0461   0.323   0.677  0.03386  0.04540  k=4
    8  +0.1078  +0.1864   0.323   0.677  0.03386  0.04540  k=4
   19  +0.1093  +0.1155   0.323   0.677  0.03386  0.04540  k=4
    2  +0.1146  +0.0311   0.741   0.259  0.10678  0.01275  k=1
    5  +0.1609  -0.1078   0.652   0.348  0.08630  0.02175  k=0
    3  +0.1740  -0.1171   0.652   0.348  0.08630  0.02175  k=0
   20  +0.2224  -0.1531   0.652   0.348  0.08630  0.02175  k=0
    4  +0.2573  +0.0699   0.741   0.259  0.10678  0.01275  k=1
   29  +0.2590  +0.0704   0.741   0.259  0.10678  0.01275  k=1

━━━ 4. 공간(v_S₁) 순서에서 물리량 변화 ━━━

    i     v_S₁      v_T      C²      C³      W_T      W_S  lev
  ───  ───────  ───────  ──────  ──────  ───────  ───────  ───
   27  -0.2625  -0.0275   0.323   0.677  0.03386  0.04540  k=4
    1  -0.2005  -0.0169   0.156   0.844  0.01593  0.04988  k=3
   20  -0.1531  +0.2224   0.652   0.348  0.08630  0.02175  k=0
    3  -0.1171  +0.1740   0.652   0.348  0.08630  0.02175  k=0
    5  -0.1078  +0.1609   0.652   0.348  0.08630  0.02175  k=0
   26  -0.1045  -0.0978   0.285   0.715  0.03081  0.03324  k=3
    0  -0.0708  -0.2606   0.741   0.259  0.10678  0.01275  k=1
    9  -0.0689  -0.2535   0.741   0.259  0.10678  0.01275  k=1
   14  -0.0643  -0.1104   0.293   0.707  0.03238  0.02958  k=3
   22  -0.0640  -0.1047   0.323   0.677  0.03386  0.04540  k=4
   12  -0.0458  -0.1685   0.741   0.259  0.10678  0.01275  k=1
   18  -0.0417  +0.0550   0.652   0.348  0.08630  0.02175  k=0
   11  -0.0352  -0.1294   0.741   0.259  0.10678  0.01275  k=1
    6  -0.0334  -0.0884   0.189   0.811  0.02300  0.04083  k=2
   23  +0.0174  +0.0639   0.741   0.259  0.10678  0.01275  k=1
    2  +0.0311  +0.1146   0.741   0.259  0.10678  0.01275  k=1
   16  +0.0461  +0.1022   0.323   0.677  0.03386  0.04540  k=4
    7  +0.0592  -0.0794   0.323   0.677  0.03386  0.04540  k=4
    4  +0.0699  +0.2573   0.741   0.259  0.10678  0.01275  k=1
   29  +0.0704  +0.2590   0.741   0.259  0.10678  0.01275  k=1
   19  +0.1155  +0.1093   0.323   0.677  0.03386  0.04540  k=4
   17  +0.1162  -0.0189   0.299   0.701  0.02220  0.03585  k=2
   21  +0.1453  -0.2130   0.652   0.348  0.08630  0.02175  k=0
   15  +0.1490  +0.0143   0.284   0.716  0.03081  0.03319  k=3
   13  +0.1504  -0.2197   0.652   0.348  0.08630  0.02175  k=0
   28  +0.1565  -0.0445   0.323   0.677  0.03386  0.04540  k=4
   25  +0.1596  +0.0345   0.125   0.875  0.01637  0.04394  k=2
   24  +0.1766  +0.0819   0.266   0.734  0.02584  0.04189  k=3
   10  +0.1780  +0.0814   0.229   0.771  0.02354  0.04014  k=3
    8  +0.1864  +0.1078   0.323   0.677  0.03386  0.04540  k=4

━━━ 5. 시간 이동 vs 공간 이동의 G 패턴 ━━━

  시간 방향 이웃 (v_T 순서 인접):
    ⟨|G|⟩ = 0.56051
    ⟨|φ|⟩ = 0.9862
    ⟨W⟩   = 0.09030

  공간 방향 이웃 (v_S₁ 순서 인접):
    ⟨|G|⟩ = 0.39148
    ⟨|φ|⟩ = 0.9419
    ⟨W⟩   = 0.05592

  홀로노미 (삼각형):
    시간 삼각형: ⟨|Φ|⟩ = 0.5210
    공간 삼각형: ⟨|Φ|⟩ = 0.5945
    비율 공간/시간 = 1.141

━━━ 6. 핵심 관찰 ━━━
  C² 변화 추세:
    시간 방향: dC²/dt = +0.000742 per vertex
    공간 방향: dC²/dx = -0.006630 per vertex
    |시간|/|공간| = 0.112
  W 변화 추세:
    시간 방향: dW/dt = +0.00007199
    공간 방향: dW/dx = -0.00025353
